userid new_userid
0 0
2 1
4 2
7 3
8 4
9 5
10 6
11 7
13 8
15 9
17 10
18 11
19 12
20 13
22 14
27 15
28 16
29 17
30 18
31 19
32 20
34 21
35 22
41 23
43 24
44 25
52 26
53 27
54 28
55 29
63 30
64 31
65 32
66 33
67 34
68 35
69 36
71 37
73 38
75 39
76 40
78 41
81 42
82 43
83 44
84 45
85 46
86 47
88 48
89 49
91 50
93 51
94 52
95 53
97 54
98 55
99 56
100 57
101 58
102 59
104 60
106 61
107 62
110 63
111 64
112 65
114 66
116 67
119 68
121 69
122 70
124 71
125 72
127 73
131 74
133 75
134 76
135 77
138 78
140 79
141 80
142 81
143 82
146 83
147 84
148 85
152 86
153 87
154 88
157 89
158 90
159 91
160 92
162 93
164 94
169 95
170 96
172 97
174 98
175 99
176 100
178 101
179 102
180 103
183 104
185 105
189 106
190 107
191 108
192 109
193 110
195 111
197 112
200 113
201 114
202 115
203 116
205 117
208 118
209 119
211 120
212 121
214 122
215 123
217 124
218 125
219 126
221 127
222 128
224 129
225 130
226 131
227 132
233 133
236 134
237 135
238 136
239 137
240 138
241 139
242 140
243 141
244 142
245 143
247 144
248 145
249 146
252 147
253 148
255 149
256 150
257 151
260 152
263 153
266 154
267 155
268 156
271 157
272 158
273 159
278 160
281 161
282 162
283 163
285 164
286 165
289 166
290 167
291 168
292 169
295 170
296 171
299 172
302 173
304 174
306 175
307 176
309 177
312 178
317 179
318 180
319 181
322 182
323 183
326 184
327 185
328 186
329 187
332 188
334 189
335 190
336 191
337 192
338 193
339 194
340 195
341 196
342 197
343 198
344 199
346 200
347 201
349 202
350 203
353 204
355 205
356 206
358 207
360 208
361 209
363 210
364 211
366 212
372 213
374 214
375 215
376 216
379 217
381 218
382 219
383 220
384 221
387 222
388 223
390 224
391 225
392 226
395 227
396 228
397 229
398 230
399 231
400 232
401 233
406 234
407 235
408 236
413 237
414 238
416 239
418 240
419 241
421 242
423 243
425 244
426 245
428 246
431 247
434 248
435 249
436 250
437 251
438 252
439 253
442 254
443 255
445 256
446 257
447 258
448 259
450 260
451 261
456 262
457 263
458 264
459 265
460 266
462 267
465 268
468 269
469 270
471 271
472 272
473 273
475 274
476 275
478 276
480 277
481 278
483 279
484 280
486 281
488 282
490 283
493 284
494 285
495 286
496 287
497 288
498 289
500 290
501 291
503 292
506 293
507 294
508 295
510 296
511 297
513 298
515 299
519 300
520 301
521 302
522 303
525 304
526 305
527 306
528 307
531 308
532 309
533 310
534 311
535 312
536 313
537 314
539 315
540 316
541 317
542 318
544 319
546 320
547 321
548 322
551 323
552 324
553 325
554 326
555 327
556 328
557 329
558 330
559 331
562 332
564 333
566 334
568 335
569 336
570 337
573 338
574 339
577 340
578 341
579 342
581 343
582 344
583 345
584 346
587 347
588 348
590 349
591 350
592 351
595 352
598 353
599 354
601 355
602 356
603 357
605 358
606 359
607 360
610 361
614 362
615 363
616 364
617 365
618 366
619 367
620 368
621 369
622 370
623 371
624 372
625 373
626 374
628 375
629 376
630 377
631 378
632 379
633 380
634 381
635 382
636 383
637 384
638 385
639 386
640 387
642 388
643 389
644 390
645 391
646 392
648 393
652 394
654 395
656 396
657 397
658 398
661 399
662 400
667 401
668 402
669 403
673 404
675 405
676 406
677 407
678 408
680 409
682 410
685 411
686 412
687 413
688 414
691 415
692 416
693 417
694 418
695 419
696 420
697 421
698 422
699 423
700 424
701 425
702 426
703 427
707 428
708 429
710 430
711 431
712 432
713 433
714 434
715 435
716 436
718 437
720 438
723 439
724 440
725 441
726 442
728 443
729 444
731 445
734 446
735 447
737 448
738 449
740 450
741 451
742 452
743 453
744 454
745 455
748 456
750 457
751 458
752 459
753 460
755 461
756 462
759 463
765 464
766 465
767 466
769 467
770 468
771 469
773 470
774 471
775 472
776 473
777 474
778 475
779 476
780 477
781 478
782 479
783 480
784 481
786 482
787 483
788 484
791 485
792 486
793 487
796 488
797 489
798 490
799 491
800 492
801 493
802 494
804 495
806 496
807 497
808 498
809 499
811 500
812 501
814 502
815 503
816 504
817 505
819 506
820 507
821 508
822 509
823 510
825 511
826 512
827 513
829 514
830 515
831 516
832 517
834 518
836 519
837 520
841 521
842 522
844 523
845 524
847 525
849 526
850 527
852 528
853 529
854 530
855 531
856 532
859 533
860 534
862 535
863 536
864 537
865 538
866 539
867 540
868 541
869 542
872 543
874 544
875 545
876 546
877 547
878 548
879 549
880 550
883 551
884 552
887 553
888 554
890 555
891 556
893 557
894 558
895 559
897 560
898 561
899 562
900 563
903 564
905 565
906 566
908 567
909 568
910 569
911 570
912 571
914 572
916 573
918 574
919 575
920 576
921 577
924 578
925 579
926 580
927 581
928 582
929 583
930 584
931 585
932 586
933 587
937 588
939 589
941 590
942 591
943 592
944 593
946 594
947 595
948 596
951 597
953 598
954 599
956 600
959 601
960 602
961 603
962 604
963 605
964 606
967 607
970 608
971 609
974 610
975 611
976 612
978 613
980 614
982 615
983 616
984 617
985 618
986 619
989 620
991 621
992 622
993 623
995 624
997 625
998 626
999 627
1001 628
1002 629
1003 630
1004 631
1005 632
1006 633
1007 634
1010 635
1011 636
1014 637
1015 638
1017 639
1019 640
1021 641
1022 642
1023 643
1025 644
1026 645
1027 646
1028 647
1029 648
1032 649
1033 650
1034 651
1037 652
1040 653
1041 654
1042 655
1043 656
1044 657
1045 658
1046 659
1047 660
1048 661
1049 662
1050 663
1052 664
1053 665
1054 666
1055 667
1056 668
1057 669
1058 670
1059 671
1060 672
1061 673
1065 674
1066 675
1067 676
1068 677
1069 678
1070 679
1071 680
1072 681
1073 682
1075 683
1076 684
1077 685
1078 686
1079 687
1080 688
1081 689
1082 690
1085 691
1086 692
1092 693
1094 694
1096 695
1098 696
1099 697
1100 698
1101 699
1102 700
1104 701
1105 702
1106 703
1107 704
1108 705
1110 706
1111 707
1112 708
1113 709
1114 710
1115 711
1119 712
1120 713
1121 714
1122 715
1124 716
1125 717
1126 718
1127 719
1128 720
1129 721
1130 722
1133 723
1134 724
1135 725
1137 726
1138 727
1142 728
1144 729
1145 730
1146 731
1148 732
1149 733
1150 734
1151 735
1152 736
1153 737
1154 738
1155 739
1157 740
1158 741
1159 742
1162 743
1163 744
1165 745
1166 746
1167 747
1168 748
1169 749
1170 750
1171 751
1174 752
1176 753
1177 754
1180 755
1181 756
1185 757
1186 758
1187 759
1188 760
1189 761
1190 762
1191 763
1192 764
1193 765
1194 766
1195 767
1197 768
1198 769
1200 770
1201 771
1202 772
1203 773
1205 774
1206 775
1207 776
1210 777
1211 778
1213 779
1214 780
1215 781
1216 782
1218 783
1219 784
1221 785
1224 786
1228 787
1231 788
1233 789
1234 790
1235 791
1238 792
1240 793
1241 794
1242 795
1243 796
1244 797
1245 798
1246 799
1247 800
1248 801
1249 802
1250 803
1251 804
1252 805
1253 806
1254 807
1257 808
1259 809
1260 810
1263 811
1265 812
1266 813
1267 814
1269 815
1270 816
1271 817
1272 818
1274 819
1275 820
1277 821
1278 822
1279 823
1280 824
1281 825
1282 826
1284 827
1286 828
1287 829
1288 830
1291 831
1292 832
1293 833
1294 834
1295 835
1296 836
1297 837
1298 838
1300 839
1301 840
1303 841
1304 842
1307 843
1308 844
1309 845
1310 846
1311 847
1312 848
1313 849
1315 850
1316 851
1317 852
1320 853
1321 854
1322 855
1323 856
1324 857
1325 858
1326 859
1327 860
1328 861
1330 862
1331 863
1333 864
1334 865
1335 866
1336 867
1337 868
1338 869
1339 870
1340 871
1341 872
1342 873
1344 874
1345 875
1346 876
1351 877
1352 878
1353 879
1356 880
1358 881
1359 882
1361 883
1362 884
1363 885
1365 886
1366 887
1367 888
1369 889
1370 890
1374 891
1376 892
1378 893
1381 894
1382 895
1384 896
1388 897
1390 898
1391 899
1394 900
1395 901
1398 902
1400 903
1401 904
1403 905
1405 906
1406 907
1407 908
1408 909
1410 910
1411 911
1412 912
1414 913
1415 914
1416 915
1419 916
1421 917
1423 918
1425 919
1426 920
1427 921
1428 922
1429 923
1430 924
1431 925
1432 926
1434 927
1435 928
1436 929
1438 930
1440 931
1441 932
1444 933
1446 934
1447 935
1449 936
1450 937
1451 938
1452 939
1454 940
1455 941
1457 942
1458 943
1459 944
1460 945
1461 946
1462 947
1463 948
1464 949
1465 950
1466 951
1468 952
1469 953
1471 954
1474 955
1475 956
1478 957
1479 958
1480 959
1481 960
1482 961
1483 962
1484 963
1485 964
1486 965
1490 966
1491 967
1492 968
1496 969
1497 970
1498 971
1499 972
1500 973
1502 974
1503 975
1508 976
1509 977
1510 978
1511 979
1512 980
1513 981
1514 982
1515 983
1516 984
1518 985
1519 986
1520 987
1521 988
1522 989
1523 990
1524 991
1525 992
1527 993
1529 994
1530 995
1531 996
1532 997
1533 998
1536 999
1537 1000
1538 1001
1539 1002
1540 1003
1541 1004
1542 1005
1543 1006
1544 1007
1545 1008
1546 1009
1549 1010
1552 1011
1553 1012
1554 1013
1555 1014
1556 1015
1557 1016
1558 1017
1559 1018
1562 1019
1564 1020
1566 1021
1567 1022
1568 1023
1569 1024
1570 1025
1572 1026
1574 1027
1578 1028
1581 1029
1583 1030
1584 1031
1586 1032
1588 1033
1589 1034
1591 1035
1594 1036
1598 1037
1601 1038
1604 1039
1605 1040
1607 1041
1608 1042
1610 1043
1612 1044
1614 1045
1615 1046
1617 1047
1618 1048
1619 1049
1620 1050
1622 1051
1623 1052
1625 1053
1627 1054
1628 1055
1630 1056
1631 1057
1632 1058
1633 1059
1636 1060
1637 1061
1638 1062
1639 1063
1640 1064
1641 1065
1642 1066
1643 1067
1645 1068
1648 1069
1649 1070
1651 1071
1652 1072
1653 1073
1654 1074
1657 1075
1658 1076
1660 1077
1661 1078
1662 1079
1663 1080
1668 1081
1670 1082
1671 1083
1672 1084
1673 1085
1674 1086
1675 1087
1676 1088
